11.1876
12.4269
10.3113
 1.3954
 3.3196
 0.4732
 1.7367
 3.0060
 4.6087
 1.3282

 5.1027
 1.2131
 1.4883
 6.4001
 5.6509
 5.1889
 6.1767
 2.6292
 5.7999
 7.6373

 3.2530
 3.8898
 2.6175
 5.6911
 8.1674
 5.2179
 3.6758
 5.2283
 4.5972
 6.2079
 5.4823

14.0861
 6.4458
 5.7133
 1.5416
 5.9715
 6.1728
 3.4578
 2.8450
 2.2644
 3.2893

 2.6917
 7.0676
 4.6159
 9.3329
 3.8084
 5.5187
 3.7037
 7.1098
 4.0551
 5.6301

 4.0397
 8.8374
 9.4953
11.2473
 8.3896
 6.7495
 6.5621
10.0893
 4.2290
 6.4845
 6.2144
 6.6892
 4.0336

 5.4601
 5.5795
 5.3084
 4.0620
 3.4137
10.2081
10.6284
 3.8249
 6.2091
 3.9738
 1.1682
 1.9522
 2.6379
 5.7275

 3.3343
 3.2862
 3.2104
 3.0523
 6.3850
 5.8514
 3.8361
 6.2211
 4.1208
 2.2093
 7.4041
 3.9476

 7.6178
 5.6872
 1.9740
 6.4849
10.1598
10.3176
 2.7373
 3.9550
 2.5508
 7.9322
 7.4696
 9.0354

 9.1790
10.5469
 7.1108
 8.7842
 0.6416
 2.9847
 2.8646
 1.7883
 7.9676
 2.2763
 6.1245
 4.9957

 2.4444
 4.7445
 5.6780
 5.3055
 4.0175
10.2497
 3.9655
 6.6814
 6.9607
 7.6678
 1.2153
 6.5282

 1.5959
 3.4343
 1.8390
 6.4813
 6.1117
 4.9213
 2.4247
 4.6585
 4.0710
 6.5535
 6.5722
 1.7950

 6.1553
 4.0223
 2.0052
 2.9131
 1.5486
 4.6993
 6.0667
 0.6813
 5.4609
 3.7284

 3.0734
 5.5917
 4.2360
 2.2490
14.1359
 5.5741
 7.2881
 1.3247
 3.5367
 5.7232
 2.8385

 4.6786
 7.7278
 2.7932
 1.0375
 6.7389
 5.2123
 8.7374
 1.4462
 2.4584

 5.2597
 3.1709
 4.5957
 8.0795
 8.8287
 9.1852
 4.8517
 4.2486
 7.9352
 4.4172

 8.0047
 3.6731
 5.2672
 3.0528
 2.9311
 0.1009
 7.7341
 4.7132
 4.8577
 0.6674

 5.1418
 5.2655
 2.7824
 1.1633
 3.7463
 4.4545
 2.6410
 6.7943
 7.5556
 5.1128

 2.8200
 9.3520
 4.8362
 7.0816
 5.5822
 1.5854
 5.8693
 1.4583
 8.5654
 1.1688

 8.1976
 6.6408
 7.7500
 5.6214
 3.6484
 7.6582
 3.2710
 7.4577

 5.6946
 4.2003
 1.7649
 4.2753
 4.3563
 1.9595
 3.7265
 4.9009
 2.9863

 4.2936
 2.6041
 2.7257
10.0311
 4.5858
 3.7922
 8.3175
 2.5955
 2.1365
 2.3125
 8.7342
 5.7915

 0.8000
 2.5475
 1.6110
 4.2706
 5.0401
 3.0665
 2.1647
 1.5769
 4.2429
 5.7687
 2.6201
 5.6287

 4.9865
 7.4516
 3.9713
 5.9579
 4.2341
 2.7575
 2.5488
 3.6565
 2.0544
 6.0647
 4.4058

 7.6642
 2.8237
 2.5287
 5.7418
 4.7643
 1.7207
 1.6079
 3.7368
 1.4718
 2.7208
 5.0090

 2.5674
 6.6566
 6.5471
 1.2410
 5.9752
 2.7572
 4.7957
 5.6881
 4.3757
 1.9603

 8.8531
 8.1890
 5.3567
 4.9845
 2.6617
 5.3623
 8.5332
 3.4327
 4.7221
 1.9026

10.3377
 2.9832
 9.2724
 7.3535
 2.6821
 4.5141
 3.0226
 3.7771
 1.8063
 4.6765
 1.3878

 2.8140
 3.7443
 4.7944
 5.6307
 8.1202
 7.6821
 3.9037
 7.6208
 8.2821
 6.1753
 3.0901
 6.5687
 3.0262
 0.6372

 2.4531
 5.2997
 5.1925
 1.8094
 2.3525
 3.0333
 3.4295
 2.9397
 2.9394
 2.2847
 6.1680
10.7049
 1.7694

10.9959
 3.3295
 5.1644
 7.8344
 0.4567
 5.8231
 3.0327
 5.5830
 0.5868
 2.4458
 8.2636
 0.1909
 7.5089

 1.9507
 3.3483
 8.3817
10.8411
 7.7008
11.7501
 4.5978
 4.3564
 6.8101
 2.1897
 7.0711
 4.4740
 2.5052
 3.3968
 2.9383

 0.7399
 2.2839
 1.9876
 2.5180
 2.0807
 8.9353
 7.9289
 1.7608
 2.0989
 6.0833
 3.7166
 5.3399
 4.1513
 9.1564
 4.7708
 2.0476

 1.9960
 4.7590
 4.7717
 6.7840
 5.8790
 2.1817
 4.1367
 5.5412
 7.5263
 5.2848
 4.0799
 7.6933
 8.6042

 3.2738
 6.1900
 5.0839
 3.3437
10.1417
 1.9654
 4.2252
 1.9691
 3.8583
 4.4060
 5.6996
 3.4599
 1.9546

 2.2251
 4.5619
 1.0238
 7.8056
 9.1629
 3.2443
 7.2422
 7.1118
 3.8054
 3.4165
 8.6049
 3.4041
 1.0708

 9.3189
 6.3578
 2.1889
 9.1954
 5.6059
 3.1772
 3.2462
 7.3982
 9.6009
10.5164
 3.0140
 6.5291
 6.5067

 5.1186
 6.8642
 3.5973
 0.7197
 3.9771
 3.8264
 7.9956
 0.0528
 3.9490
 5.1230
 9.5034
 2.0579
 1.5064
 5.5807

 4.3627
 1.6677
 6.7771
 3.3667
 6.4240
11.3350
 7.8384
 5.1829
 3.5419
13.4635
 2.8202
10.8445
 6.1625
 0.5245

 1.6898
 4.3107
 7.5778
 2.8049
 3.9517
 3.9720
 4.4707
 4.6956
 1.7420
 3.8081
 1.7935
 0.6517
 4.6959

 9.2088
 8.3244
 5.6580
 3.2275
 4.2502
 7.6448
 3.3108
 5.9582
 2.2339
 5.4593
 9.3815
 1.8356

 6.0512
 2.2272
 1.5746
 5.0348
 1.8950
 3.9873
 4.6181
 3.7867
 2.9349
 3.2452

 3.5189
 5.6242
 5.4506
 4.8307
 3.4617
12.1195
 6.6042
 4.7193
 6.6330

 2.9468
 4.3754
 2.4946
 6.1202
 7.8359
 3.8819
 6.2159
 9.0366
 6.7960

 3.8650
 4.9229
 2.5565
 1.9036
 5.7080
 3.7430
10.5504
 8.0189
 1.2272
 2.2991

 2.0504
 7.8307
 0.3878
 2.4227
 6.1729
 3.4075
 4.1199
 1.6980
 4.1245

 2.4821
 4.7353
 5.6586
 0.6989
 2.3858
 5.6413
 3.0148
 5.3829
 3.0371

 2.4924
 4.4657
 7.6807
 3.0211
 4.4131
 5.9430
 3.7965
 2.5565
 6.3313
 3.8583
 4.0222

 2.9222
18.0179
 2.1232
 8.7477
 6.4684
 8.5677
 3.2324
 8.5481
 4.0508
10.4829
 4.8352
 3.5779

 4.7860
 8.5887
 3.2830
 3.8901
 3.8899
 2.1483
 5.5322
 8.1935
 3.9497
 3.9298
 3.1389

 2.8945
 7.7379
 2.9574
 0.9501
 4.5491
 3.2292
 3.1544
 2.5328
 9.5227
 1.0209
 2.5025

 7.9372
 3.8908
 0.5426
15.7436
 4.3203
 1.4013
 4.3364
 5.3838
 3.6222
 6.6018
 3.4924
 5.7822
 1.3653

 5.5772
 2.4888
 2.7321
 4.9406
 6.6517
 3.4833
 7.6879
 6.1168
 2.1470
 6.1360
 3.2163
 5.9075
 7.3526
 5.8656

 0.3480
 4.5114
 2.6605
 7.6878
 6.5459
 6.1232
 6.1328
 1.0141
 2.6427
 3.3825
 3.5637
 2.5371
 2.9423
 2.8045

 4.7446
 7.9294
 6.3349
 3.3323
 4.0353
 2.3821
 3.5555
 3.1229
 2.6869
 6.2889
 3.3988
11.7067
 4.8251
 3.1624

10.4967
 0.9713
 6.1392
 8.7185
 0.9403
 3.5265
 4.2415
 5.5747
 5.0388
 4.1334
 7.4102

 9.0264
 4.4617
 3.6306
 1.4312
 2.3475
 5.8863
 3.0656
 2.2361
13.9966
 3.5521
 4.2108

 2.2158
 0.5615
 8.2620
 7.2934
10.0790
 4.3016
 1.9704
 6.8168
 3.3588
 4.8708

 4.5476
 6.6746
 4.0701
 1.7451
 4.7535
 4.9455
 6.0541
 5.3104
15.5982
 7.4572

 8.0623
 4.2849
 4.4327
 2.7409
 5.7113
 4.3243
 9.5996
 3.7236
 7.6551
 0.9472
 0.9034

 7.6257
 2.5321
10.5059
 3.9969
 2.8431
 2.6075
 3.4213
 0.8290
 1.1108
 5.5401

11.4574
 5.8009
 4.7108
 1.1757
 5.9553
 7.0178
 4.2625
 2.2645
 6.9046
 2.7118

 5.4342
 3.3704
10.3914
 4.8020
 3.0686
 3.0637
 6.0992
 4.3723
 6.8349
10.3769

 6.0710
 0.4647
 4.1480
 2.1854
 4.0515
 9.0509
 4.4493
 8.9521
 1.7048

 3.8385
 5.1766
 7.4751
 3.8395
 3.1914
 9.2621
 5.5751
 4.0383
 4.2969

 5.3007
 4.5260
 6.5494
 2.5203
 3.7235
 2.2706
 4.8938
 5.6692
 5.2723
 7.8130

 8.2261
 3.9256
 6.7799
 3.4737
 4.6123
 1.0173
 2.4495
 2.2339
 2.9847

 3.3162
 5.5684
 3.5259
 7.9214
 3.7894
 2.4536
 6.6886
 4.5143
 5.2498
 2.8000

 6.6949
 1.5198
 4.3151
 2.5928
 7.7335
 6.1669
 4.6062
 8.4128
 4.1299
 6.3653
 3.9015
 2.1682

 5.7210
 4.2913
 2.3355
 5.0000
 3.4827
 3.8153
 5.0385
 5.1047
 4.1397
 6.6861
 2.5660
 6.6292

 5.1801
 4.9276
 6.9310
 2.9659
 5.0014
 8.2565
 6.5969
 5.7379
 0.4535
 4.0838
 3.3763
 7.2309

 4.7098
 2.6211
 3.3807
 3.7213
 5.0218
 6.5548
 3.7903
 2.1302
 2.2224
 5.7250
 3.9288
 4.6541

 1.4530
 2.5958
 0.9859
 3.2528
 4.3611
 6.2783
 3.3165
 3.9333
 6.7372

 2.0253
 7.7044
 5.2428
 3.0829
 2.1651
 5.6203
 5.4957
 4.6432

 6.2284
 2.9032
11.9391
 6.6847
 3.0743
 9.0007
 8.7581

 1.4214
 5.1834
 2.1638
 5.0189
 5.5828
 7.2937
 6.6306

 4.8828
 2.8738
 1.7455
 4.3715
 5.0094
 3.6449

 5.7709
 5.4247
 7.6126
 4.2378
10.0686

 3.9655
 5.7372
 3.0964
12.2902
 8.4739
 2.1221
 3.1213

 3.4247
 1.4205
 2.8782
 7.3518
 2.1650
11.0596
 1.0911
 8.2651

 3.4333
 2.2712
 1.4086
 9.0338
 7.1026
 1.6747
 7.5107
 3.0671
 0.3008

 1.4519
 5.7694
 6.5167
 7.0182
 5.0600
 3.0928
 4.9018
 5.1200

 6.1656
 2.7970
 3.8046
 6.6438
 6.5823
 1.0277
 8.5074

 2.1002
 4.4633
 6.1058
 4.3274
 1.8869
 5.0580
 6.4751

 6.9000
 5.6632
 5.3159
 3.5597
 2.9681
 5.8810
 4.4704

 0.7598
 9.7650
 8.8083
 5.8794
 4.6345
 2.7021
 2.7219
 8.6156

 3.8650
 2.3317
 6.9238
 3.4454
 2.5457
 4.2656
 3.2444
 6.0066
 6.4553
 1.1877

 8.8242
10.3520
 4.4318
 5.2202
 2.2720
 1.6267
 1.1797
 1.9931
 2.4658
 8.3704
 3.1881

 3.4444
 2.2728
 6.1439
 2.3866
 9.1742
 2.9198
 8.0281
 5.7215
 4.9175
 5.0717
 1.4955

 1.3024
 3.9017
 1.0382
 4.8577
 8.0947
 1.4390
 3.5435
 6.1995
10.1945
 9.1787
 6.1328

 4.0067
 2.3832
 3.6661
 4.7781
 5.8486
 6.8559
 0.8339
 3.0335
 5.0380
 3.0433
 5.7536
 8.2086

 1.7583
 7.9583
 2.8572
 1.5335
 2.9969
 3.7604
 1.8364
 5.3787
 7.7061
 6.9794
 6.6618
 8.4373

 9.1272
 4.8784
 5.2405
 6.5166
 8.2271
 4.8609
 4.1668
 0.8430
 3.0890
 0.9328
 5.1705

 4.8103
 5.6447
 4.5833
 1.9966
 1.9869
 2.0571
 4.6493
 7.0462
 0.7817
 4.7694
 5.4473
 5.6798

 5.3929
 4.3399
 4.5573
 3.1144
 4.6872
 4.2394
 5.7599
 5.5057
 2.9739
 2.3465
 5.5727
 8.2498
 4.5543
 4.1543

 8.3746
 4.5726
 4.1111
 4.5801
 3.4250
 1.2161
 4.6328
 0.7039
 6.4741
 6.1189
12.8989
 2.7809
 6.1466
 6.1671

 1.3206
 4.4003
 1.0962
 5.1876
 4.1881
 4.2332
 0.4341
 8.6422
 7.8381
 7.0480
 3.4607
 5.7293
 6.2463

 8.8485
 8.7085
 2.3687
11.3586
 0.7956
 4.9258
 7.1631
 8.8882
 3.9791
 3.9778
 7.5539

 2.9943
 4.5488
 3.3138
 2.0117
 4.8588
 4.0194
 7.7489
 2.7917
 3.5450
 4.1450

 6.5171
 0.7081
 5.3704
 4.3263
 6.4039
 3.9212
 6.3345
 7.6494
 7.9610

 5.6000
 7.9728
 3.2128
 4.8612
 4.6993
 8.6436

 5.7980
 2.0108
 7.2570
 1.1339
 6.6124
 2.5243
 1.4205
 8.2483

 3.4859
 2.9616
 5.6446
 7.3728
 2.7779
 2.8099
 3.4329

 3.1214
 1.7655
 8.2405
 6.3887
 3.5667
 4.3857

13.3764
 2.7238
 5.5167
 5.9596
 4.9121
 7.9866

 5.5931
 2.6431
 8.4062
 6.9722
 6.2858
 5.7486
 2.9697

 5.9705
 1.9912
 8.3737
 2.6636
 9.9488
 3.9860
 5.9421
 3.1520

 6.5818
 3.9559
 1.4086
 6.0109
 3.4424
 6.8540
 4.6876
 1.3566
 4.1784
 6.3140
 5.7696

 5.5613
 3.1412
 2.6856
 9.1022
 2.2372
 3.6017
 6.1258
 8.5240
 9.0500
 6.0284

 4.9734
 4.9071
 2.3896
 0.7731
 1.2018
 2.9732
 4.1664
 2.8844
 1.8893
 3.8389

 3.4088
 3.9717
 8.7610
 1.9648
 3.2723
 3.8133
12.0247
 8.3177
 3.6289

 4.1330
 5.3024
 2.4400
 4.3239
 1.3386
 5.1696
 6.0701
 6.3928

 9.3078
 2.6706
 3.4497
 7.7305
 3.9227
 3.3761
 4.3919
 7.2108
 6.0656

 0.4736
 7.0483
 1.9816
10.6086
 7.0346
 2.1391
 7.3556
 3.7462
 7.4680
 8.1995

 8.1295
10.3056
 9.2507
 2.2383
 1.9216
 6.8242
 4.7923
 1.4625
 3.2921
 3.6247

 4.8110
 4.0956
 5.4820
 3.6879
 0.6305
 5.2303
 2.6378
 4.2153
 2.6206
 5.2922

 1.1834
 4.2643
 6.8578
 3.5733
 1.4378
 5.9280
 2.5551
 3.7702
 4.2631
 2.0897

 3.4380
 2.4038
 4.9016
 7.4439
 6.9972
 6.3959
 5.0718
 9.3346
 3.3661

 6.8364
 8.8316
12.1619
 4.0474
 3.1603
 7.2143
 5.3181
 7.7970
 2.9005

 6.3761
 1.5103
 5.8935
 1.5257
 9.8772
 5.3135
 6.8907
 5.1833

 7.2637
 1.6949
 6.6764
 4.2553
 3.3710
 4.3423
 1.7699
 0.7789
 3.5855

 4.4472
 1.4697
 1.7174
 1.8681
 6.4730
10.6557
 3.2012
 7.3508
 5.6069
 6.9013

 4.1504
 3.3104
10.6622
 3.5376
 0.5986
 4.8472
 5.8380
 5.3909
 6.4140
10.4014

 4.3507
 5.3432
 7.7643
 1.7617
 4.7447
 7.1393
 4.3821
 3.5563
 7.0518
 4.0892

 4.9877
 4.9262
11.9624
 1.7281
 8.5801
 5.8957
 3.1261
 2.6704
 7.1041
 3.2520

 5.8731
 3.8583
 3.0507
 2.6100
 4.3579
10.3145
 6.3665
 4.1807
 4.7776

 8.9437
 4.0168
 9.1813
 3.4334
 6.3185
 1.5694
 2.7898
 5.8323
 2.5023
 2.8443
 2.6198

 5.9463
 2.2381
 4.4828
 3.6482
 3.0356
 4.7977
 7.3646
 4.5499
 3.6420
 8.8541
 6.9058

 4.8595
 4.8771
 2.8246
 3.6175
 6.2619
 8.8708
 3.6568
 2.7787
 7.6412
 2.4794
 4.0205

 2.7264
 5.6232
 2.6729
 4.8305
 9.6711
 7.5172
 4.4534
 5.5253
 3.9515
 5.0147
 8.2693
 9.2429

 7.6033
 3.4942
11.6147
 4.4083
 3.9956
 1.9700
 2.4935
 2.1868
 7.5727
 8.1184

 0.2924
 2.5858
10.1112
 6.8767
 3.0634
 1.4454
 2.1864
13.9362
 2.6691
 2.8960
 5.1945

 7.0750
 3.6287
 5.5853
 4.8968
 1.5469
 6.9359
 6.2993
 4.5453
 6.5544

 4.0717
 6.3352
 1.4889
 5.8773
 1.9349
 5.9819
15.8298
 6.7908
 5.6588

 4.3144
 5.9990
 6.6208
 8.2687
 3.7906
 1.1743
 6.4479
 4.6585
 3.5172
 5.2994
 5.2024
 3.1429

 3.8121
 8.8178
 2.3798
 4.2176
 3.9503
 6.7715
 1.7354
 3.3193
11.0489
 2.7663
 6.8902

 3.9526
 5.6356
 6.8702
 4.3350
 2.6988
 5.9614
 2.3013
 1.1295
 6.4184
 6.1144
 1.1962

 1.3991
 3.2467
 1.5921
 3.0106
 7.2185
 4.8556
 0.5290
 5.5887
 4.9363
 3.9094

 5.0628
 6.7798
 1.8792
 4.7011
 6.1888
 4.4640
 7.8552
 3.2932
 2.7728
 7.8422
 3.6476
 3.2333

 6.6639
 1.9196
 7.7959
 3.3443
 2.2293
 1.3069
 7.9645
 6.5992
 2.6613
 4.4814
 1.3844
 3.9696

 8.6729
 3.1003
 2.2333
 1.0613
 0.2351
 1.8237
 2.0907
 7.1822
 6.3640

 3.7336
 2.6316
 4.5916
 0.8672
 6.0546
 2.5406
 1.6874
 7.1881
 4.3935

 0.7127
 5.7639
 4.4527
 0.9351
 6.6090
 1.8215
 0.4764

 5.5833
 4.2684
 5.2508
 8.1263
 7.7808
 8.1068
 2.7922
 3.8107
 3.6354

 4.4525
 6.2286
 4.9884
 5.1868
 7.3596
 8.6871
 8.1002
 2.3603
 1.6657

 8.1104
10.1503
 2.1799
 7.0433
 6.9699
 2.6989
 3.2225
 3.7954
 3.5732

 3.2419
 4.4045
 1.4326
 2.9968
 5.5494
 1.6601
 4.3036
 6.4655
 2.4363
 8.1367

 0.9907
 3.0446
 3.1909
 5.6529
11.7046
 7.8280
 1.6992
 3.5892
 2.6114
 5.0121
11.6357
 1.9508
 5.3080

 3.9866
 3.2368
 5.1896
 6.5974
 8.5076
 6.0559
11.5933
 1.9579
 3.7929
 4.4969
 7.3456
 3.2451
 3.2211

 2.6346
 4.3990
 2.6807
 4.5451
 4.4859
 4.7883
 5.1739
 1.9612
 4.7044
 6.7767
 3.7303

 2.5706
 6.3925
 2.1659
 3.4638
 3.8703
 4.9015
 3.6247
 1.2230
 8.8962
 2.4974
 4.0712
 4.4246

 4.1289
 2.6120
 3.1432
 7.8891
 2.4931
 5.2288
 5.2355
 3.1763
 5.2242
 2.8810
 3.7185
 4.9054
 8.1040
 6.0387
 5.8596
 3.3275
 2.7658

 5.7069
10.1008
 6.5722
 7.0010
 2.4351
 6.5944
 7.2089
 2.3046
 4.3291
 4.6316
 4.9265
 0.8337
 2.8172
 5.5737
 1.3215
 2.1635

 6.8031
 6.1363
 2.0979
 1.6473
 6.6710
 4.2105
 4.6489
 2.6948
 5.3403
 2.6156
10.4314
 5.0309
 4.5785
 4.9231
 3.1701
 5.9655
 2.5300

 5.2870
 3.1843
10.7432
 9.4294
 4.8443
 3.7215
 5.8437
 2.5308
 6.8442
 4.5658
 4.6066
 2.9234
 5.6249
 4.2164
 1.4831
 5.0556
 1.5966

 6.1341
 5.8344
 7.0802
 2.1660
 4.8602
 3.6321
 2.5521
 6.2431
 2.4893
 5.0021
 1.0444
 6.2842

 1.7939
 0.7208
 4.7887
 6.3981
 1.6991
 2.8481
 6.0651
 6.7549
 5.0994
 2.6144
 7.8013

 9.4858
 8.3636
 3.5413
 6.3629
 2.8959
 3.0394
 4.9673
 9.8247
 4.4861
 6.2107
 7.2265

 2.9449
 3.6890
 1.4159
 1.4843
 2.9827
 6.8876
 4.0836
12.5507
 1.9468
 1.2807
 3.5379
 3.6817

 4.7371
 4.2329
 3.5713
 5.2397
 2.5010
 6.8080
 5.9732
 1.7293
 2.4840
 1.2730
 7.6502
 8.5422
 6.7154

 3.1389
 1.1686
 0.8030
 4.2815
 6.6143
 5.4376
11.9929
 2.0518
 2.2942
 3.8975
 5.5323
 2.9599
17.1911

 1.3480
 2.4375
 1.6869
 2.2160
 4.5138
 6.5923
 6.3402
 3.1218
 6.2468
 6.8589
 4.1445
14.8119

 7.1078
 5.1762
 8.0702
 6.3429
 1.8995
 9.1000
11.8742
 5.3168
 8.1767
 5.7631
 4.8703

 6.2336
 3.7677
 5.0455
 3.0231
 3.1772
 1.2208
 2.2711
 4.7780
 4.0613
 9.7890

 5.8428
 4.1481
 3.4162
 4.7473
 4.2687
 1.1724
 1.9286
 2.8066
 0.7755
 7.0369
 5.5750

 5.9375
 7.3352
 4.0291
 5.1252
 5.7731
 3.1589
 4.2123
 2.8797
 7.8865
 1.4186
 6.5461
 1.0401

 7.7170
 3.6586
 3.1808
 4.6112
 2.3833
 9.4857
 4.1017
 9.4046
 8.9114
 8.4242
 1.2597
 8.3828
 7.1648

 3.1505
 6.9476
 7.3716
 0.8958
10.7644
 7.7234
 4.1952
 3.3736
 6.5536
 5.9226
 7.7178
 4.0855

 6.6899
 0.6840
 4.7316
 6.1062
 1.7381
 2.9655
 6.3918
 5.2955
 5.7467
 5.5726
 1.0954

 5.1319
 5.3542
 4.3487
 8.5747
 3.2891
 2.4300
 6.1278
 5.3145
 5.5599
 0.6713
 3.9324
 5.1267
 3.0948

 4.9034
 2.9998
 4.0812
11.1481
 2.7954
 6.7877
 8.5520
10.8533
 6.6741
 2.6988
 5.2669
 7.7190
 2.7538

 5.1362
 2.9466
 1.5751
 6.0851
 2.4812
 1.7844
 3.3429
 3.4237
 2.9958
 1.0306
 6.2705

 9.2206
 4.8732
 9.1690
 1.1195
 4.1429
12.0190
 3.8232
 3.5399
 4.1002

 9.8820
 2.8380
 9.3723
 7.8584
 2.2820
 3.8553

 2.2923
 4.0387
 4.1143
 8.4101
 8.1650
 3.4793
 4.4523
 9.9739

 1.8307
 3.1696
 1.0720
 3.7457
 5.3655
 6.1397

 6.4375
 3.0699
 3.6040
 2.0435
 6.2502
 4.7675

 6.3247
 3.6744
 1.2851
 8.3707

 2.4043
 5.9210
 5.5538
 6.5042
 6.0420
 3.2316
 3.1325
 7.0700
 1.5598
 0.6299

 0.9985
 3.4080
 8.4316
 9.9832
 9.6963
 9.9192
 8.2353
10.2251
 6.0879
 3.3957

 3.9190
11.3599
 5.1617
 6.0997
 4.8652
 2.6534
 3.7301
 3.0521
 3.2214

 1.3800
 6.1974
 3.4911
11.2841
 6.0208
 5.3093
 8.1985
 2.5875
 2.2055

 4.7972
 2.9137
 6.4535
 3.6929
 7.0703
 5.5564
 4.1496
 4.5181
 4.5788
 6.2083
 8.8072

 3.7883
 2.3932
 1.4885
 3.8504
 4.9984
 2.9676
 4.0545
 3.9295
 8.5378
 5.6828
 1.5150
 4.6519

 5.4156
 3.8588
 9.8709
 5.7372
 7.3033
 8.8342
 2.4543
 0.8806
 3.7027
 1.7800
 4.3499
 6.4728

 1.9239
 6.0931
 2.7476
22.8303
 5.9446
 3.9973
 5.6863
 6.6329
 4.8025
 2.8387
 8.5125
 7.7201
 4.1384

 3.9585
 3.2410
 3.6994
 4.7451
 1.0507
 5.8347
 8.1464
 1.8938
 6.7341
 4.0454
 3.1765
 6.0093

 4.4391
 1.1982
 2.9570
 1.5253
 4.3220
 8.4063
 2.9251
 4.6571
 6.0045
 4.1295

 5.2712
 7.0082
 5.5914
 4.3983
 2.9547
 2.6744
 1.5811
 6.4207
 6.4127
 4.0983

 2.0715
 8.7770
 6.8764
 3.6016
 9.1770
 5.4931
 1.4077
 6.7022
 2.0962
11.8547
 5.5526

 2.4986
 2.8232
 9.8290
 3.9836
 7.0621
 7.0462
 2.0633
 4.1483
 7.3988
 4.6534
 4.5953

 2.9102
 4.3652
 5.6500
 4.2531
 5.5742
 5.4579
 3.6485
 0.3384
 3.6941
 2.4816
 2.2468

 3.9087
 4.2294
 0.5427
 5.0516
 5.9168
 5.4853
 3.4868
 9.3569
 5.2941
 8.8847
 7.9133

 3.4268
 5.8323
 3.4456
 4.9468
10.9277
 5.0036
 9.4331
 0.6238
 3.7807
 5.6156
 3.6141

 2.4598
 1.7744
 6.0139
10.4019
 2.9521
 1.2555
 1.1669
 5.8425
 3.9162
 4.0046
10.6903

 5.2007
 6.4253
 2.3393
 7.9059
 6.5752
 7.1096
 5.5637
 1.8500
 3.4162
 9.2875
 4.7926

 4.1266
 4.0797
 0.8066
 2.2627
 5.6671
 2.9044
 2.3080
 0.5221
 6.9442
 4.0265
 5.1702

 4.3754
 8.8572
 1.3322
 8.8198
 1.4380
 2.9022
 3.7443
 7.1072
 6.2862
 3.8709
 4.3779
 8.6573
 2.5354

 6.9540
 5.8158
 2.4606
12.9007
 4.2936
 1.9863
 2.0456
 6.4401
 3.4421
 2.7065

